9 0.083108 0.758242 0.128378 0.390110
9 0.458784 0.695055 0.439189 0.439560
9 0.715541 0.725275 0.379730 0.527473
9 0.935135 0.719780 0.129730 0.417582
11 0.065541 0.255495 0.077027 0.109890
11 0.267568 0.368132 0.067568 0.076923
11 0.432432 0.361264 0.067568 0.123626
11 0.551351 0.265110 0.078378 0.145604
11 0.323649 0.094780 0.077027 0.107143
11 0.252027 0.068681 0.055405 0.065934
11 0.648649 0.329670 0.062162 0.126374
11 0.702703 0.344780 0.072973 0.096154
11 0.815541 0.418956 0.079730 0.101648
