11 0.116211 0.818750 0.230469 0.215625
11 0.293945 0.795312 0.121094 0.150000
11 0.416992 0.662500 0.107422 0.178125
11 0.556152 0.720313 0.159180 0.175000
11 0.681641 0.634375 0.119141 0.193750
11 0.780273 0.574219 0.074219 0.110937
11 0.873047 0.442969 0.142578 0.173437
11 0.738281 0.442188 0.111328 0.128125
11 0.625977 0.392969 0.105469 0.135937
11 0.519531 0.299219 0.128906 0.195312
11 0.376465 0.293750 0.137695 0.087500
11 0.078613 0.181250 0.137695 0.143750
11 0.248535 0.195312 0.291992 0.234375
