0 0.117037 0.594225 0.056296 0.264438
0 0.219259 0.541033 0.065185 0.261398
0 0.238519 0.548632 0.103704 0.234043
0 0.379259 0.591185 0.074074 0.221884
0 0.477778 0.609422 0.140741 0.386018
0 0.637778 0.592705 0.075556 0.267477
0 0.605926 0.606383 0.056296 0.185410
0 0.869630 0.623100 0.100741 0.255319
2 0.067407 0.703647 0.108148 0.155015
2 0.912593 0.873860 0.162963 0.221884
2 0.744444 0.849544 0.197037 0.264438
2 0.603704 0.723404 0.114074 0.151976
2 0.298519 0.703647 0.069630 0.130699
2 0.228889 0.693009 0.093333 0.091185
2 0.167407 0.685410 0.085926 0.100304
